[2 2 2 2 2 2 2 2 2 2 2 2]
0.5
[2 2 2 2 2 2 2 2 2 2 2 2]
0.5
[2 2 2 2 2 2 2 2 2 2 2 2]
0.5
[2 2 2 2 2 2 2 2 2 2 2 2]
0.5
[2 2 2 2 2 2 2 2 2 2 2 2]
0.5
[2 2 2 2 2 2 2 2 2 2 2 2]
0.5
[2 2 2 2 2 2 2 2 2 2 2 2]
0.5
[2 2 2 2 2 2 2 2 2 2 2 2]
0.5
[2 2 2 2 2 2 2 2 2 2 2 2]
0.5
[2 2 2 2 2 2 2 2 2 2 2 2]
0.5
[1 2 1 1 1 1 2 2 1 1 1 1]
0.5833333333333334
[1 2 1 1 1 1 2 2 1 1 1 1]
0.5833333333333334
[1 2 1 1 1 1 2 2 1 1 1 1]
0.5833333333333334
[1 2 1 1 1 1 2 2 1 1 1 1]
0.5833333333333334
[1 2 1 1 1 1 2 2 1 1 1 1]
0.5833333333333334
[1 2 1 1 1 1 2 2 1 1 1 1]
0.5833333333333334
[1 2 1 1 1 1 2 2 1 1 1 1]
0.5833333333333334
[1 2 1 1 1 1 2 2 1 1 1 1]
0.5833333333333334
[1 2 1 1 1 1 2 2 1 1 1 1]
0.5833333333333334
[1 2 1 1 1 1 2 2 1 1 1 1]
0.5833333333333334
[2 1 1 1 1 1 2 2 1 1 1 1]
0.5833333333333334
[2 1 1 1 1 1 2 2 1 1 1 1]
0.5833333333333334
[2 1 1 1 1 1 2 2 1 1 1 1]
0.5833333333333334
[2 1 1 1 1 1 2 2 1 1 1 1]
0.5833333333333334
[2 1 1 1 1 1 2 2 1 1 1 1]
0.5833333333333334
[2 1 1 1 1 1 2 2 1 1 1 1]
0.5833333333333334
[2 1 1 1 1 1 2 2 1 1 1 1]
0.5833333333333334
[2 1 1 1 1 1 2 2 1 1 1 1]
0.5833333333333334
[2 1 1 1 1 1 2 2 1 1 1 1]
0.5833333333333334
[2 1 1 1 1 1 2 2 1 1 1 1]
0.5833333333333334
[2 2 1 1 1 1 2 2 1 1 1 1]
0.6666666666666666
[2 2 1 1 1 1 2 2 1 1 1 1]
0.6666666666666666
[2 2 1 1 1 1 2 2 1 1 1 1]
0.6666666666666666
[2 2 1 1 1 1 2 2 1 1 1 1]
0.6666666666666666
[2 2 1 1 1 1 2 2 1 1 1 1]
0.6666666666666666
[2 2 1 1 1 1 2 2 1 1 1 1]
0.6666666666666666
[2 2 1 1 1 1 2 2 1 1 1 1]
0.6666666666666666
[2 2 1 1 1 1 2 2 1 1 1 1]
0.6666666666666666
[2 2 1 1 1 1 2 2 1 1 1 1]
0.6666666666666666
[2 2 1 1 1 1 2 2 1 1 1 1]
0.6666666666666666
[1 2 1 2 2 2 1 1 2 1 2 1]
0.5
[1 2 1 2 2 2 1 1 2 1 2 1]
0.5
[1 2 1 2 2 2 1 1 2 1 2 1]
0.5
[1 2 1 2 2 2 1 1 2 1 2 1]
0.5
[1 2 1 2 2 2 1 1 2 1 2 1]
0.5
[1 2 1 2 2 2 1 1 2 1 2 1]
0.5
[1 2 1 2 2 2 1 1 2 1 2 1]
0.5
[1 2 1 2 2 2 1 1 2 1 2 1]
0.5
[1 2 1 2 2 2 1 1 2 1 2 1]
0.5
[1 2 1 2 2 2 1 1 2 1 2 1]
0.5
[2 2 1 1 2 1 2 1 1 1 2 2]
0.5
[2 2 1 1 2 1 2 1 1 1 2 2]
0.5
[2 2 1 1 2 1 2 1 1 1 2 2]
0.5
[2 2 1 1 2 1 2 1 1 1 2 2]
0.5
[2 2 1 1 2 1 2 1 1 1 2 2]
0.5
[2 2 1 1 2 1 2 1 1 1 2 2]
0.5
[2 2 1 1 2 1 2 1 1 1 2 2]
0.5
[2 2 1 1 2 1 2 1 1 1 2 2]
0.5
[2 2 1 1 2 1 2 1 1 1 2 2]
0.5
[2 2 1 1 2 1 2 1 1 1 2 2]
0.5
[2 1 2 1 2 1 1 1 1 2 1 1]
0.6666666666666666
[2 1 2 1 2 1 1 1 1 2 1 1]
0.6666666666666666
[2 1 2 1 2 1 1 1 1 2 1 1]
0.6666666666666666
[2 1 2 1 2 1 1 1 1 2 1 1]
0.6666666666666666
[2 1 2 1 2 1 1 1 1 2 1 1]
0.6666666666666666
[2 1 2 1 2 1 1 1 1 2 1 1]
0.6666666666666666
[2 1 2 1 2 1 1 1 1 2 1 1]
0.6666666666666666
[2 1 2 1 2 1 1 1 1 2 1 1]
0.6666666666666666
[2 1 2 1 2 1 1 1 1 2 1 1]
0.6666666666666666
[2 1 2 1 2 1 1 1 1 2 1 1]
0.6666666666666666
[1 1 1 1 1 1 1 1 1 1 1 2]
0.4166666666666667
[1 1 1 1 1 1 1 1 1 1 1 2]
0.4166666666666667
[1 1 1 1 1 1 1 1 1 1 1 2]
0.4166666666666667
[1 1 1 1 1 1 1 1 1 1 1 2]
0.4166666666666667
[1 1 1 1 1 1 1 1 1 1 1 2]
0.4166666666666667
[1 1 1 1 1 1 1 1 1 1 1 2]
0.4166666666666667
[1 1 1 1 1 1 1 1 1 1 1 2]
0.4166666666666667
[1 1 1 1 1 1 1 1 1 1 1 2]
0.4166666666666667
[1 1 1 1 1 1 1 1 1 1 1 2]
0.4166666666666667
[1 1 1 1 1 1 1 1 1 1 1 2]
0.4166666666666667
[1 1 1 1 1 1 1 1 2 2 1 1]
0.5
[1 1 1 1 1 1 1 1 2 2 1 1]
0.5
[1 1 1 1 1 1 1 1 2 2 1 1]
0.5
[1 1 1 1 1 1 1 1 2 2 1 1]
0.5
[1 1 1 1 1 1 1 1 2 2 1 1]
0.5
[1 1 1 1 1 1 1 1 2 2 1 1]
0.5
[1 1 1 1 1 1 1 1 2 2 1 1]
0.5
[1 1 1 1 1 1 1 1 2 2 1 1]
0.5
[1 1 1 1 1 1 1 1 2 2 1 1]
0.5
[1 1 1 1 1 1 1 1 2 2 1 1]
0.5
[2 1 1 1 1 1 1 1 1 1 1 1]
0.4166666666666667
[2 1 1 1 1 1 1 1 1 1 1 1]
0.4166666666666667
[2 1 1 1 1 1 1 1 1 1 1 1]
0.4166666666666667
[2 1 1 1 1 1 1 1 1 1 1 1]
0.4166666666666667
[2 1 1 1 1 1 1 1 1 1 1 1]
0.4166666666666667
[2 1 1 1 1 1 1 1 1 1 1 1]
0.4166666666666667
[2 1 1 1 1 1 1 1 1 1 1 1]
0.4166666666666667
[2 1 1 1 1 1 1 1 1 1 1 1]
0.4166666666666667
[2 1 1 1 1 1 1 1 1 1 1 1]
0.4166666666666667
[2 1 1 1 1 1 1 1 1 1 1 1]
0.4166666666666667
[1 1 1 1 1 1 1 1 1 1 1 1]
0.5
[1 1 1 1 1 1 1 1 1 1 1 1]
0.5
[1 1 1 1 1 1 1 1 1 1 1 1]
0.5
[1 1 1 1 1 1 1 1 1 1 1 1]
0.5
[1 1 1 1 1 1 1 1 1 1 1 1]
0.5
[1 1 1 1 1 1 1 1 1 1 1 1]
0.5
[1 1 1 1 1 1 1 1 1 1 1 1]
0.5
[1 1 1 1 1 1 1 1 1 1 1 1]
0.5
[1 1 1 1 1 1 1 1 1 1 1 1]
0.5
[1 1 1 1 1 1 1 1 1 1 1 1]
0.5
[2 1 1 1 1 1 1 1 1 1 1 1]
0.5833333333333334
[2 1 1 1 1 1 1 1 1 1 1 1]
0.5833333333333334
[2 1 1 1 1 1 1 1 1 1 1 1]
0.5833333333333334
[2 1 1 1 1 1 1 1 1 1 1 1]
0.5833333333333334
[2 1 1 1 1 1 1 1 1 1 1 1]
0.5833333333333334
[2 1 1 1 1 1 1 1 1 1 1 1]
0.5833333333333334
[2 1 1 1 1 1 1 1 1 1 1 1]
0.5833333333333334
[2 1 1 1 1 1 1 1 1 1 1 1]
0.5833333333333334
[2 1 1 1 1 1 1 1 1 1 1 1]
0.5833333333333334
[2 1 1 1 1 1 1 1 1 1 1 1]
0.5833333333333334
[1 1 1 2 1 2 1 1 1 1 1 1]
0.5
[1 1 1 2 1 2 1 1 1 1 1 1]
0.5
[1 1 1 2 1 2 1 1 1 1 1 1]
0.5
[1 1 1 2 1 2 1 1 1 1 1 1]
0.5
[1 1 1 2 1 2 1 1 1 1 1 1]
0.5
[1 1 1 2 1 2 1 1 1 1 1 1]
0.5
[1 1 1 2 1 2 1 1 1 1 1 1]
0.5
[1 1 1 2 1 2 1 1 1 1 1 1]
0.5
[1 1 1 2 1 2 1 1 1 1 1 1]
0.5
[1 1 1 2 1 2 1 1 1 1 1 1]
0.5
[1 1 1 1 2 1 1 1 1 1 2 1]
0.5
[1 1 1 1 2 1 1 1 1 1 2 1]
0.5
[1 1 1 1 2 1 1 1 1 1 2 1]
0.5
[1 1 1 1 2 1 1 1 1 1 2 1]
0.5
[1 1 1 1 2 1 1 1 1 1 2 1]
0.5
[1 1 1 1 2 1 1 1 1 1 2 1]
0.5
[1 1 1 1 2 1 1 1 1 1 2 1]
0.5
[1 1 1 1 2 1 1 1 1 1 2 1]
0.5
[1 1 1 1 2 1 1 1 1 1 2 1]
0.5
[1 1 1 1 2 1 1 1 1 1 2 1]
0.5
[1 1 1 2 1 1 1 1 2 1 1 1]
0.5
[1 1 1 2 1 1 1 1 2 1 1 1]
0.5
[1 1 1 2 1 1 1 1 2 1 1 1]
0.5
[1 1 1 2 1 1 1 1 2 1 1 1]
0.5
[1 1 1 2 1 1 1 1 2 1 1 1]
0.5
[1 1 1 2 1 1 1 1 2 1 1 1]
0.5
[1 1 1 2 1 1 1 1 2 1 1 1]
0.5
[1 1 1 2 1 1 1 1 2 1 1 1]
0.5
[1 1 1 2 1 1 1 1 2 1 1 1]
0.5
[1 1 1 2 1 1 1 1 2 1 1 1]
0.5
[2 1 1 1 1 1 1 1 1 1 2 1]
0.5
[2 1 1 1 1 1 1 1 1 1 2 1]
0.5
[2 1 1 1 1 1 1 1 1 1 2 1]
0.5
[2 1 1 1 1 1 1 1 1 1 2 1]
0.5
[2 1 1 1 1 1 1 1 1 1 2 1]
0.5
[2 1 1 1 1 1 1 1 1 1 2 1]
0.5
[2 1 1 1 1 1 1 1 1 1 2 1]
0.5
[2 1 1 1 1 1 1 1 1 1 2 1]
0.5
[2 1 1 1 1 1 1 1 1 1 2 1]
0.5
[2 1 1 1 1 1 1 1 1 1 2 1]
0.5
[1 1 1 1 1 1 2 2 1 1 1 1]
0.5
[1 1 1 1 1 1 2 2 1 1 1 1]
0.5
[1 1 1 1 1 1 2 2 1 1 1 1]
0.5
[1 1 1 1 1 1 2 2 1 1 1 1]
0.5
[1 1 1 1 1 1 2 2 1 1 1 1]
0.5
[1 1 1 1 1 1 2 2 1 1 1 1]
0.5
[1 1 1 1 1 1 2 2 1 1 1 1]
0.5
[1 1 1 1 1 1 2 2 1 1 1 1]
0.5
[1 1 1 1 1 1 2 2 1 1 1 1]
0.5
[1 1 1 1 1 1 2 2 1 1 1 1]
0.5
[1 1 1 2 1 1 1 2 1 1 1 1]
0.5
[1 1 1 2 1 1 1 2 1 1 1 1]
0.5
[1 1 1 2 1 1 1 2 1 1 1 1]
0.5
[1 1 1 2 1 1 1 2 1 1 1 1]
0.5
[1 1 1 2 1 1 1 2 1 1 1 1]
0.5
[1 1 1 2 1 1 1 2 1 1 1 1]
0.5
[1 1 1 2 1 1 1 2 1 1 1 1]
0.5
[1 1 1 2 1 1 1 2 1 1 1 1]
0.5
[1 1 1 2 1 1 1 2 1 1 1 1]
0.5
[1 1 1 2 1 1 1 2 1 1 1 1]
0.5
[1 1 1 1 1 1 2 1 1 2 1 1]
0.5
[1 1 1 1 1 1 2 1 1 2 1 1]
0.5
[1 1 1 1 1 1 2 1 1 2 1 1]
0.5
[1 1 1 1 1 1 2 1 1 2 1 1]
0.5
[1 1 1 1 1 1 2 1 1 2 1 1]
0.5
[1 1 1 1 1 1 2 1 1 2 1 1]
0.5
[1 1 1 1 1 1 2 1 1 2 1 1]
0.5
[1 1 1 1 1 1 2 1 1 2 1 1]
0.5
[1 1 1 1 1 1 2 1 1 2 1 1]
0.5
[1 1 1 1 1 1 2 1 1 2 1 1]
0.5
[1 1 1 2 1 1 2 1 1 1 1 1]
0.5
[1 1 1 2 1 1 2 1 1 1 1 1]
0.5
[1 1 1 2 1 1 2 1 1 1 1 1]
0.5
[1 1 1 2 1 1 2 1 1 1 1 1]
0.5
[1 1 1 2 1 1 2 1 1 1 1 1]
0.5
[1 1 1 2 1 1 2 1 1 1 1 1]
0.5
[1 1 1 2 1 1 2 1 1 1 1 1]
0.5
[1 1 1 2 1 1 2 1 1 1 1 1]
0.5
[1 1 1 2 1 1 2 1 1 1 1 1]
0.5
[1 1 1 2 1 1 2 1 1 1 1 1]
0.5
[2 1 1 1 1 1 1 1 1 1 2 1]
0.5
[2 1 1 1 1 1 1 1 1 1 2 1]
0.5
[2 1 1 1 1 1 1 1 1 1 2 1]
0.5
[2 1 1 1 1 1 1 1 1 1 2 1]
0.5
[2 1 1 1 1 1 1 1 1 1 2 1]
0.5
[2 1 1 1 1 1 1 1 1 1 2 1]
0.5
[2 1 1 1 1 1 1 1 1 1 2 1]
0.5
[2 1 1 1 1 1 1 1 1 1 2 1]
0.5
[2 1 1 1 1 1 1 1 1 1 2 1]
0.5
[2 1 1 1 1 1 1 1 1 1 2 1]
0.5
[1 1 1 2 1 1 1 1 1 2 1 1]
0.5
[1 1 1 2 1 1 1 1 1 2 1 1]
0.5
[1 1 1 2 1 1 1 1 1 2 1 1]
0.5
[1 1 1 2 1 1 1 1 1 2 1 1]
0.5
[1 1 1 2 1 1 1 1 1 2 1 1]
0.5
[1 1 1 2 1 1 1 1 1 2 1 1]
0.5
[1 1 1 2 1 1 1 1 1 2 1 1]
0.5
[1 1 1 2 1 1 1 1 1 2 1 1]
0.5
[1 1 1 2 1 1 1 1 1 2 1 1]
0.5
[1 1 1 2 1 1 1 1 1 2 1 1]
0.5
[1 1 1 1 1 1 2 1 1 1 1 2]
0.5
[1 1 1 1 1 1 2 1 1 1 1 2]
0.5
[1 1 1 1 1 1 2 1 1 1 1 2]
0.5
[1 1 1 1 1 1 2 1 1 1 1 2]
0.5
[1 1 1 1 1 1 2 1 1 1 1 2]
0.5
[1 1 1 1 1 1 2 1 1 1 1 2]
0.5
[1 1 1 1 1 1 2 1 1 1 1 2]
0.5
[1 1 1 1 1 1 2 1 1 1 1 2]
0.5
[1 1 1 1 1 1 2 1 1 1 1 2]
0.5
[1 1 1 1 1 1 2 1 1 1 1 2]
0.5
[2 1 1 1 1 1 1 1 1 1 2 1]
0.5
[2 1 1 1 1 1 1 1 1 1 2 1]
0.5
[2 1 1 1 1 1 1 1 1 1 2 1]
0.5
[2 1 1 1 1 1 1 1 1 1 2 1]
0.5
[2 1 1 1 1 1 1 1 1 1 2 1]
0.5
[2 1 1 1 1 1 1 1 1 1 2 1]
0.5
[2 1 1 1 1 1 1 1 1 1 2 1]
0.5
[2 1 1 1 1 1 1 1 1 1 2 1]
0.5
[2 1 1 1 1 1 1 1 1 1 2 1]
0.5
[2 1 1 1 1 1 1 1 1 1 2 1]
0.5
[2 1 1 1 2 1 1 1 1 1 1 1]
0.5
[2 1 1 1 2 1 1 1 1 1 1 1]
0.5
[2 1 1 1 2 1 1 1 1 1 1 1]
0.5
[2 1 1 1 2 1 1 1 1 1 1 1]
0.5
[2 1 1 1 2 1 1 1 1 1 1 1]
0.5
[2 1 1 1 2 1 1 1 1 1 1 1]
0.5
[2 1 1 1 2 1 1 1 1 1 1 1]
0.5
[2 1 1 1 2 1 1 1 1 1 1 1]
0.5
[2 1 1 1 2 1 1 1 1 1 1 1]
0.5
[2 1 1 1 2 1 1 1 1 1 1 1]
0.5
[1 1 2 1 2 1 1 1 1 1 1 1]
0.5
[1 1 2 1 2 1 1 1 1 1 1 1]
0.5
[1 1 2 1 2 1 1 1 1 1 1 1]
0.5
[1 1 2 1 2 1 1 1 1 1 1 1]
0.5
[1 1 2 1 2 1 1 1 1 1 1 1]
0.5
[1 1 2 1 2 1 1 1 1 1 1 1]
0.5
[1 1 2 1 2 1 1 1 1 1 1 1]
0.5
[1 1 2 1 2 1 1 1 1 1 1 1]
0.5
[1 1 2 1 2 1 1 1 1 1 1 1]
0.5
[1 1 2 1 2 1 1 1 1 1 1 1]
0.5
[1 1 1 2 1 1 1 1 2 1 1 1]
0.5
[1 1 1 2 1 1 1 1 2 1 1 1]
0.5
[1 1 1 2 1 1 1 1 2 1 1 1]
0.5
[1 1 1 2 1 1 1 1 2 1 1 1]
0.5
[1 1 1 2 1 1 1 1 2 1 1 1]
0.5
[1 1 1 2 1 1 1 1 2 1 1 1]
0.5
[1 1 1 2 1 1 1 1 2 1 1 1]
0.5
[1 1 1 2 1 1 1 1 2 1 1 1]
0.5
[1 1 1 2 1 1 1 1 2 1 1 1]
0.5
[1 1 1 2 1 1 1 1 2 1 1 1]
0.5
[1 1 2 1 1 1 1 1 1 2 1 1]
0.5
[1 1 2 1 1 1 1 1 1 2 1 1]
0.5
[1 1 2 1 1 1 1 1 1 2 1 1]
0.5
[1 1 2 1 1 1 1 1 1 2 1 1]
0.5
[1 1 2 1 1 1 1 1 1 2 1 1]
0.5
[1 1 2 1 1 1 1 1 1 2 1 1]
0.5
[1 1 2 1 1 1 1 1 1 2 1 1]
0.5
[1 1 2 1 1 1 1 1 1 2 1 1]
0.5
[1 1 2 1 1 1 1 1 1 2 1 1]
0.5
[1 1 2 1 1 1 1 1 1 2 1 1]
0.5
[2 1 1 1 1 1 1 1 1 2 1 1]
0.5
[2 1 1 1 1 1 1 1 1 2 1 1]
0.5
[2 1 1 1 1 1 1 1 1 2 1 1]
0.5
[2 1 1 1 1 1 1 1 1 2 1 1]
0.5
[2 1 1 1 1 1 1 1 1 2 1 1]
0.5
[2 1 1 1 1 1 1 1 1 2 1 1]
0.5
[2 1 1 1 1 1 1 1 1 2 1 1]
0.5
[2 1 1 1 1 1 1 1 1 2 1 1]
0.5
[2 1 1 1 1 1 1 1 1 2 1 1]
0.5
[2 1 1 1 1 1 1 1 1 2 1 1]
0.5
[1 1 1 2 1 2 1 1 1 1 1 1]
0.5
[1 1 1 2 1 2 1 1 1 1 1 1]
0.5
[1 1 1 2 1 2 1 1 1 1 1 1]
0.5
[1 1 1 2 1 2 1 1 1 1 1 1]
0.5
[1 1 1 2 1 2 1 1 1 1 1 1]
0.5
[1 1 1 2 1 2 1 1 1 1 1 1]
0.5
[1 1 1 2 1 2 1 1 1 1 1 1]
0.5
[1 1 1 2 1 2 1 1 1 1 1 1]
0.5
[1 1 1 2 1 2 1 1 1 1 1 1]
0.5
[1 1 1 2 1 2 1 1 1 1 1 1]
0.5
[1 1 1 1 2 1 1 1 1 1 1 2]
0.5
[1 1 1 1 2 1 1 1 1 1 1 2]
0.5
[1 1 1 1 2 1 1 1 1 1 1 2]
0.5
[1 1 1 1 2 1 1 1 1 1 1 2]
0.5
[1 1 1 1 2 1 1 1 1 1 1 2]
0.5
[1 1 1 1 2 1 1 1 1 1 1 2]
0.5
[1 1 1 1 2 1 1 1 1 1 1 2]
0.5
[1 1 1 1 2 1 1 1 1 1 1 2]
0.5
[1 1 1 1 2 1 1 1 1 1 1 2]
0.5
[1 1 1 1 2 1 1 1 1 1 1 2]
0.5
[1 2 1 1 1 1 1 2 1 1 1 1]
0.5
[1 2 1 1 1 1 1 2 1 1 1 1]
0.5
[1 2 1 1 1 1 1 2 1 1 1 1]
0.5
[1 2 1 1 1 1 1 2 1 1 1 1]
0.5
[1 2 1 1 1 1 1 2 1 1 1 1]
0.5
[1 2 1 1 1 1 1 2 1 1 1 1]
0.5
[1 2 1 1 1 1 1 2 1 1 1 1]
0.5
[1 2 1 1 1 1 1 2 1 1 1 1]
0.5
[1 2 1 1 1 1 1 2 1 1 1 1]
0.5
[1 2 1 1 1 1 1 2 1 1 1 1]
0.5
[1 1 1 1 1 2 2 1 1 1 1 1]
0.5
[1 1 1 1 1 2 2 1 1 1 1 1]
0.5
[1 1 1 1 1 2 2 1 1 1 1 1]
0.5
[1 1 1 1 1 2 2 1 1 1 1 1]
0.5
[1 1 1 1 1 2 2 1 1 1 1 1]
0.5
[1 1 1 1 1 2 2 1 1 1 1 1]
0.5
[1 1 1 1 1 2 2 1 1 1 1 1]
0.5
[1 1 1 1 1 2 2 1 1 1 1 1]
0.5
[1 1 1 1 1 2 2 1 1 1 1 1]
0.5
[1 1 1 1 1 2 2 1 1 1 1 1]
0.5
